0.08259211749103856
0.7542616360206805
0.6881288673444473
0.33112689931633443
0.7383254826100253
0.022499689650272492
0.8222149270816848
0.21674976972082494
0.8472645317909484
0.6940883763830427
0.33531470833958177
0.7337759796942455
0.5333804274108448
0.20666155080675908
0.4175313124324028
0.36297772316233745
0.3887877509341865
0.24140606633505457
0.42864151743805945
0.2212861570264787
0.9954179583946329
0.07875066763036842
0.06154324221629903
0.7739816635402746
0.2998543686666467
0.08764623160007368
0.07510874379750576
0.05485016136900156
0.01785157741530885
0.44686426243252975
0.47564606062903625
0.7398275200393506
0.5730456462892967
0.0977514325944886
0.2821828204150688
0.7520422575359392
0.025007632468357133
0.39124243965004146
0.3762116941493938
0.8987748906937381
0.25926700642961076
0.5664054213740132
0.34573973333905306
0.04320262733649283
0.39259087358808253
0.06035436033452324
0.05953583233103432
0.13242463105169477
0.5743484197412317
0.32260257507823564
0.9166218984525517
0.6054728350348775
0.8180158443979177
0.4058410728899813
0.5054493588803968
0.7323639201113276
0.40028618071877076
0.4487416279872757
0.7083551679746981
0.29213120104117185
0.9343424850623103
0.7717291445470512
0.6086400453258767
0.02833987711852426
0.6744146469408033
0.8490967291955777
0.22163932044549095
0.25706411471851476
0.8381108726333834
0.17690337034768977
0.7425497999223918
0.8626200736971629
0.03375517119313176
0.18675636341543866
0.5852947988393773
0.3240460828571461
0.900619159033828
0.6623484168714776
0.0464918231617415
0.8126320896907436
0.6530552045649677
0.08912095887875227
0.2748482428586677
0.21916164006038086
0.08301270008202821
0.27967250884172246
0.031412151788605125
0.13360489673687503
0.13781041282026585
0.6997381444983574
0.44217394275934796
0.8936378522108498
0.06890555946202193
0.5246853283106321
0.6821333299620962
0.6302061370360076
0.21995563138186502
0.4937117333060139
0.20003420708779462
0.2237342458325371
0.11361395501147742
0.02321118295256186
0.756763939073464
0.029371207122280585
0.9228019647420432
0.7569498009490927
0.7507249606458929
0.9136299338922853
0.6756421868677306
0.5594260608164446
0.9558926820438002
0.2704140362113261
0.6006917183341379
0.26452510223391956
0.40926214954844375
0.6351447344396268
0.2986855207542337
0.5414135540712955
0.7780464930084775
0.5033651495014388
0.6316225115079249
0.6165840492607515
0.4721871820895137
0.4430836673975639
0.8807590620833177
0.4749366287885529
0.7818431560222916
0.7941038061631669
0.3014472829611503
0.23603328947985447
0.3832724981452992
0.882779820030501
0.33562652600052734
0.39796238568173714
0.3856030482917562
0.1863340711219037
0.9600792863020355
0.4616248051866042
0.4605135371005883
0.41585955234868555
0.8777900684894812
0.7810249385146181
0.04598572368644127
0.16494608655373932
0.25088455290739353
0.5410056810487652
0.27451196440933934
0.821846519373474
0.7788421962368348
0.09654023831896807
0.5456237048058574
0.16259137311051408
0.4427849638144439
0.24092662395771958
0.016638585096697578
0.9609616777607465
0.5512848130772976
0.12320651079371081
0.3550486523219569
0.057767733844451885
0.2963217450708229
0.47529157083146734
0.8756560892703411
0.5429921068493191
0.4766031553864224
0.29940892009243214
0.09076741169580715
0.5173888896791753
0.7352918110833153
0.9635414030414504
0.6304636933636399
0.3797658201096359
0.928277686034249
0.8854368002975139
0.16465800348175286
0.4241754311680571
0.7419276765254726
0.34595903343359036
0.15802607098792854
0.46299760922136424
0.6550361064223866
0.3745569688283301
0.8151332271037232
0.5348227423236885
0.807803903029112
0.9270545109732373
0.9160963400826929
0.4604304992774738
0.9493726636338776
0.11529732024112682
0.017297681532720377
0.03456941871565189
0.26352223880140735
0.7460402307184103
0.9153667734676778
0.39233801318407124
0.9821069604546454
0.8605869025224584
0.7266676415530836
0.6084246006901876
0.6646967198896027
0.29602082629936144
0.9019969115182782
0.8881748600166763
0.215494050710894
0.9962983733940176
0.6201873734233848
0.7660257996532974
0.6178099788050586
0.6291336289523253
0.9561162899995547
0.365723319779899
0.716359372840145
0.9087419200285499
0.9812145539293352
0.6879252979567513
0.4587233962868158
0.04605359559772215
0.05248788820793682
0.18534298698926166
0.795038878200468
0.061530481207984766
0.3294905467664365
0.7976716435980901
0.4747711359927991
0.8458953476368622
0.9692697320708841
0.3432280717529662
0.7845900291400776
0.490858379317197
0.06502302916520786
0.9916967711541508
0.05653797584688269
0.7005016597937177
0.17960080178388227
0.08630908555814254
0.5772619088835143
0.5405329049317263
0.3036432492909923
0.4797306000105084
0.6888532743859891
0.8687950252493873
0.9217505730455506
0.5332325900685103
0.4982205646843736
0.6428211703609313
0.18420096112613238
0.1959636821114462
0.9431579737424693
0.23777913401487272
0.8703684219883593
0.41933994076458014
0.666161595942549
0.11758135139900905
0.8145526778493548
0.9337641748920353
0.13519862487895107
0.7044473470223525
0.5366432029083666
0.10731175182206598
0.5481299920542835
0.2648219775851074
0.4180043486587882
0.7387844455857727
0.5448582596836525
0.3401550595035554
0.21310212381688365
0.9310650303086784
0.496139749157245
0.9212482659460044
0.05254333816661383
0.3504257190901032
0.3897840332492435
0.7236316115295788
0.32742496855616987
0.6351027148626559
0.8669905304619671
0.45264768694210755
0.391375130495049
0.2942245675009172
0.46729209924195314
0.8405497189654406
0.9314777558404234
0.8601194516270887
0.7173959270217828
0.9827901512370176
0.005225792670804585
0.833885567180004
0.7789934286408989
0.5368313371545769
0.24707882094736666
0.4799790009372924
0.4551901723785673
0.8684969472153283
0.9096354078820615
0.8716561742161355
0.2688132864861371
0.7182925995847431
0.079621927357994
0.5116521650766034
